00003
00011
00013
00015
00016
00018
00020
00025
00026
00028
00029
00031
00034
00038
00040
00041
00042
00043
00045
00046
00050
00056
00058
00060
00065
00067
00068
00071
00076
00078
00079
00080
00083
00086
00088
00089
00094
00098
00099
00103
00104
00110
00111
00112
00113
00114
00117
00119
00123
00125
00127
00129
00131
00133
00134
00136
00137
00138
00139
00140
00143
00148
00150
00151
00155
00156
00162
00163
00164
00168
00169
00176
00179
00180
00183
00185
00188
00190
00193
00197
00198
00199
00200
00203
00204
00206
00207
00210
00211
00222
00226
00231
00233
00240
00244
00245
00250
00253
00257
00259
00260
00262
00269
00271
00278
00279
00282
00286
00289
00291
00298
00300
00301
00304
00310
00313
00319
00322
00328
00331
00332
00333
00336
00337
00338
00339
00340
00341
00343
00344
00346
00348
00356
00360
00361
00362
00363
00365
00368
00372
00374
00376
00381
00385
00394
00395
00397
00403
00405
00413
00415
00416
00417
00420
00422
00423
00424
00425
00426
00429
00433
00434
00436
00438
00441
00446
00449
00451
00452
00453
00455
00457
00459
00462
00468
00469
00473
00483
00490
00498
00505
00507
00508
00510
00515
00516
00522
00526
00528
00529
00530
00536
00539
00541
00544
00547
00550
00560
00561
00562
00569
00570
00571
00575
00576
00578
00579
00586
00587
00589
00590
00597
00603
00605
00609
00610
00614
00618
00619
00622
00625
00627
00628
00629
00631
00633
00635
00638
00639
00642
00643
00644
00649
00652
00656
00657
00661
00662
00664
00666
00668
00670
00672
00674
00676
00677
00679
00680
00681
00682
00687
00688
00690
00695
00700
00703
00705
00707
00709
00712
00716
00718
00727
00728
00734
00735
00738
00742
00743
00744
00746
00747
00753
00756
00758
00761
00762
00763
00764
00775
00777
00781
00784
00787
00791
00792
00798
00802
00807
00811
00813
00814
00815
00816
00817
00825
00828
00829
00830
00832
00838
00840
00841
00844
00845
00850
00852
00857
00859
00863
00864
00871
00872
00877
00878
00879
00880
00885
00889
00890
00891
00892
00897
00898
00901
00903
00904
00905
00906
00907
00910
00911
00912
00916
00917
00918
00920
00921
00925
00927
00931
00934
00935
00940
00941
00943
00946
00947
00949
00951
00960
00961
00963
00964
00965
00969
00971
00974
00976
00983
00988
00993
00994
00998
01000
01001
01002
01005
01008
01009
01011
01012
01013
01014
01016
01017
01018
01023
01027
01029
01030
01031
01044
01056
01058
01080
01082
01083
01085
01088
01090
01093
01099
01100
01111
01114
01128
01133
01135
01141
01144
01147
01151
01154
01156
01161
01172
01174
01183
01188
01191
01198
01208
01209
01211
01212
01223
01233
01243
01244
01249
01250
01263
01265
01267
01275
01278
01304
01311
01320
01321
01324
01326
01329
01332
01342
01347
01350
01360
01361
01363
01366
01373
01390
01392
01399
01407
01409
01410
01412
01413
01416
01417
01418
01421
01422
01423
01424
01427
01429
01437
01439
01442
01444
01446
01449
01450
01451
01452
01454
01455
01456
01460
01461
01462
01464
01467
01468
01475
01479
01482
01483
01484
01485
01487
01488
01489
01490
01491
01492
01494
01495
01496
01498
01499
01500
01502
01503
01504
01506
01507
01508
01509
01511
01512
01513
01514
01516
01517
01518
01519
01520
01521
01522
01523
01526
01528
01529
01531
01532
01533
01535
01536
01537
01539
01541
01542
01545
01546
01547
01548
01550
01551
01552
01553
01554
01555
01557
01558
01559
01561
01562
01565
01566
01567
01569
01571
01572
01573
01575
01576
01577
01578
01580
01583
01584
01585
01586
01589
01590
01591
01592
01593
01594
01595
01596
01597
01598
01599
01601
01602
01603
01604
01605
01606
01607
01608
01611
01612
01613
01614
01616
01618
01619
01620
01621
01622
01623
01624
01626
01627
01629
01630
01631
01632
01633
01634
01635
01636
01637
01639
01640
01642
01643
01645
01646
01647
01648
01649
01650
01651
01652
01653
01655
01656
01657
01658
01659
01660
01662
01663
01664
01665
01666
01668
01669
01671
01672
01675
01676
01679
01682
01683
01684
01686
01687
01690
01692
01693
01694
01695
01697
01698
01700
01701
01702
01705
01706
01709
01712
01715
01716
01717
01718
01719
01721
01722
01723
01724
01725
01729
01730
01731
01733
01736
01737
01738
01739
01740
01741
01746
01747
01748
01749
01752
01753
01754
01755
01756
01757
01758
01759
01761
01762
01763
01764
01765
01767
01770
01771
01772
01773
01774
01776
01777
01779
01782
01784
01785
01786
01787
01788
01789
01790
01792
01793
01794
01796
01797
01798
01799
01800
01801
01802
01805
01806
01807
01809
01810
01811
01812
01814
01820
01822
01823
01824
01825
01828
01832
01833
01834
01836
01838
01839
01840
01841
01843
01844
01845
01848
01849
01850
01851
01857
01859
01860
01861
01864
01865
01871
01872
01874
01875
01877
01878
01880
01883
01885
01886
01887
01888
01889
01890
01891
01892
01893
01894
01895
01897
01900
01903
01904
01906
01908
01909
01910
01914
01919
01920
01921
01924
01925
01926
01928
01931
01934
01936
01939
01940
01942
01945
01946
01951
01953
01954
01956
01959
01960
01961
01962
01963
01965
01966
01967
01970
01975
01976
01980
01983
01992
01993
01997
02000
02003
02004
02017
02018
02022
02025
02028
02029
02032
02034
02036
02043
02044
02047
02049
02051
02057
02063
02072
02074
02075
02078
02081
02082
02084
02087
02088
02091
02093
02094
02096
02100
02101
02102
02104
02105
02108
02117
02118
02119
02121
02122
02128
02130
02131
02133
02151
02154
02155
02156
02159
02162
02163
02165
02166
02169
02170
02172
02174
02175
02176
02179
02180
02181
02183
02187
02192
02193
02196
02202
02203
02206
02208
02210
02211
02212
02213
02214
02217
02219
02221
02228
02237
02239
02241
02242
02243
02245
02247
02249
02252
02253
02255
02262
02267
02276
02280
02283
02284
02287
02289
02290
02291
02292
02296
02297
02299
02300
02301
02304
02308
02309
02311
02312
02316
02319
02322
02324
02327
02328
02330
02331
02332
02333
02334
02335
02337
02339
02341
02342
02343
02344
02347
02352
02353
02356
02357
02358
02360
02361
02363
02366
02374
02375
02376
02379
02380
02384
02391
02395
02399
02405
02412
02420
02425
02431
02436
02437
02440
02443
02451
02457
02466
02467
02469
02471
02474
02477
02479
02481
02489
02490
02494
02495
02496
02500
02508
02509
02511
02513
02515
02516
02517
02518
02519
02520
02521
02522
02523
02524
02525
02526
02527
02528
02530
02531
02532
02533
02534
02536
02538
02540
02541
02542
02543
02545
02547
02548
02549
02551
02553
02555
02556
02560
02562
02566
02567
02568
02569
02573
02575
02577
02581
02584
02585
02586
02587
02589
02590
02591
02593
02596
02599
02600
02601
02602
02604
02605
02607
02608
02609
02610
02611
02612
02613
02614
02618
02620
02621
02623
02624
02626
02627
02628
02629
02630
02631
02637
02638
02640
02645
02650
02652
02654
02655
02660
02661
02662
02668
02670
02671
02672
02673
02674
02676
02682
02683
02689
02690
02692
02693
02694
02695
02701
02703
02706
02707
02708
02710
02718
02719
02720
02723
02725
02729
02730
02732
02733
02734
02735
02737
02738
02739
02742
02748
02751
02752
02753
02755
02759
02760
02762
02765
02767
02768
02769
02770
02773
02776
02778
02780
02782
02800
02802
02803
02810
02814
02815
02823
02825
02826
02827
02836
02837
02839
02842
02844
02845
02849
02850
02851
02852
02855
02857
02864
02867
02869
02871
02878
02886
02887
02898
02899
02905
02917
02938
02943
02947
02957
02958
02961
02964
02966
02973
02976
02977
02990
02991
02995
02996
03002
03003
03006
03011
03033
03045
03046
03055
03059
03061
03093
03095
03096
03099
03101
03104
03105
03106
03108
03110
03113
03115
03117
03122
03124
03125
03126
03135
03136
03137
03148
03149
03162
03163
03169
03171
03172
03179
03183
03186
03187
03194
03202
03204
03206
03209
03210
03214
03215
03217
03218
03221
03224
03225
03228
03235
03236
03242
03247
03251
03252
03253
03254
03255
03257
03261
03263
03265
03269
03270
03277
03280
03284
03285
03287
03289
03294
03298
03299
03301
03309
03311
03313
03325
03327
03328
03329
03330
03331
03332
03333
03335
03336
03337
03339
03344
03349
03350
03353
03354
03356
03360
03363
03366
03373
03376
03377
03379
03381
03385
03386
03387
03390
03393
03398
03399
03402
03412
03413
03414
03426
03428
03429
03432
03441
03442
03445
03446
03447
03450
03452
03453
03458
03460
03464
03465
03466
03468
03469
03470
03472
03473
03474
03475
03476
03479
03480
03485
03486
03489
03492
03494
03495
03496
03497
03501
03503
03508
03510
03512
03514
03515
03517
03519
03523
03528
03529
03530
03534
03538
03542
03550
03556
03560
03563
03564
03566
03568
03572
03573
03577
03579
03580
03582
03586
03587
03588
03591
03592
03594
03596
03597
03600
03601
03603
03604
03608
03610
03613
03616
03618
03623
03625
03630
03635
03639
03641
03647
03650
03652
03654
03658
03664
03671
03672
03674
03682
03691
03693
03694
03701
03703
03749
03750
03830
03831
03834
03844
03874
03876
03882
03893
03897
03906
03912
03924
03928
03929
03934
03982
03988
03989
03990
03991
03994
03995
03999
04000
04002
04006
04010
04011
04014
04020
04024
04026
04030
04031
04032
04033
04034
04035
04036
04037
04041
04043
04044
04051
04052
04057
04058
04059
04063
04064
04067
04069
04071
04072
04073
04074
04076
04080
04082
04088
04089
04090
04094
04097
04101
04104
04105
04114
04119
04122
04127
04128
04130
04132
04135
04136
04147
04151
04152
04159
04160
04161
04162
04165
04170
04171
04174
04178
04180
04183
04184
04186
04199
04203
04204
04206
04208
04210
04211
04214
04215
04216
04220
04221
04222
04223
04224
04229
04230
04232
04234
04238
04242
04247
04250
04256
04264
04266
04269
04272
04277
04285
04287
04303
04308
04310
04311
04313
04315
04317
04320
04324
04326
04337
04343
04351
04357
04360
04373
04379
04387
04389
04390
04404
04409
04410
04425
04430
04431
04442
04451
04453
04462
04469
04470
04472
04473
04483
04484
04487
04490
04491
04493
04494
04496
04498
04499
04500
04504
04506
04510
04512
04515
04523
04528
04533
04534
04539
04543
04545
04550
04553
04556
04558
04560
04564
04565
04568
04572
04573
04574
04577
04578
04581
04582
04583
04584
04589
04591
04602
04604
04606
04609
04611
04613
04618
04619
04622
04623
04624
04625
04626
04628
04629
04630
04634
04635
04637
04639
04640
04643
04644
04651
04652
04654
04655
04663
04664
04667
04672
04687
04690
04692
04694
04699
04702
04713
04714
04717
04720
04722
04723
04724
04725
04733
04735
04750
04784
04796
04815
04843
04844
04862
04896
04900
04916
04921
04946
04950
04959
04971
04991
04997
05010
05023
05027
05046
05049
05050
05051
05058
05066
05070
05074
05090
05096
05097
05106
05120
05135
05140
05144
05145
05150
05151
05152
05153
05155
05157
05159
05160
05166
05170
05171
05172
05173
05174
05175
05177
05178
05180
05185
05186
05189
05190
05202
05203
05204
05206
05209
05210
05211
05216
05219
05220
05221
05222
05226
05227
05229
05230
05238
05239
05242
05244
05245
05246
05257
05267
05269
05271
05278
05283
05285
05288
05291
05293
05296
05297
05298
05304
05311
05313
05317
05322
05323
05324
05326
05327
05330
05331
05332
05333
05336
05360
05364
05365
05369
05370
05373
05376
05377
05379
05389
05397
05402
05410
05411
05420
05424
05431
05432
05433
05440
05442
05443
05467
05472
05479
05483
05486
05490
05491
05495
05500
05516
05519
05520
05523
05536
05541
05542
05546
05548
05550
05559
05561
05563
05570
05572
05574
05580
05585
05586
05591
05599
05612
05614
05618
05620
05621
05627
05633
05637
05640
05644
05655
05657
05658
05664
05669
05671
05673
05682
05698
05703
05708
05720
05728
05731
05734
05740
05755
05758
05772
05783
05812
05829
05839
05842
05854
05903
05942
05951
05954
05978
05983
06000
06008
06010
06012
06017
06018
06019
06020
06022
06029
06030
06034
06035
06036
06041
06046
06056
06061
06082
06096
06109
06137
06144
06146
06151
06159
06165
06166
06170
06176
06187
06196
06201
06203
06214
06217
06218
06220
06228
06229
06235
06236
06237
06238
06249
06250
06262
06263
06264
06267
06268
06270
06271
06274
06276
06277
06280
06281
06284
06294
06297
06303
06304
06309
06310
06314
06317
06318
06320
06322
06325
06329
06332
06333
06334
06337
06340
06347
06348
06349
06351
06353
06354
06365
06519
06523
06529
06533
06534
06538
06544
06546
06547
06554
06558
06565
06566
06584
06588
06590
06601
06603
06607
06611
06614
06618
06623
06624
06629
06630
06632
06633
06635
06639
06642
06645
06647
06648
06655
06660
06662
06667
06669
06674
06680
06686
06687
06688
06694
06695
06698
06700
06701
06707
06708
06709
06712
06716
06720
06725
06730
06731
06738
06745
06747
06753
06754
06765
06767
06778
06783
06785
06791
06792
06793
06799
06807
06808
06817
06824
06827
06828
06832
06840
06871
06917
06953
06980
06982
06985
06995
06999
07015
07022
07029
07038
07040
07044
07046
07053
07055
07079
07083
07091
07097
07100
07108
07112
07147
07148
07155
07160
07176
07179
07183
07196
07197
07200
07206
07214
07215
07223
07224
07226
07228
07230
07243
07251
07259
07261
07288
07299
07300
07302
07305
07307
07308
07310
07335
07340
07341
07344
07346
07347
07350
07361
07364
07373
07378
07387
07388
07389
07391
07392
07393
07394
07400
07416
07429
07432
07435
07436
07438
07452
07453
07465
07469
07471
07485
07489
07493
07502
07512
07525
07533
07535
07537
07541
07542
07543
07571
07586
07596
07599
07602
07604
07606
07611
07622
07628
07634
07635
07649
07651
07653
07656
07662
07673
07685
07696
07709
07715
07719
07720
07729
07730
07747
07758
07773
07774
07776
07784
07785
07787
07794
07806
07816
07832
07836
07838
07849
07865
07869
07871
07881
07886
07900
07907
07908
07914
07918
07927
07931
07936
07939
07941
07943
07946
07953
07957
07968
07969
07981
07982
07984
07986
07988
07997
08002
08004
08005
08014
08016
08023
08025
08027
08031
08046
08047
08052
08059
08062
08065
08067
08068
08070
08075
08079
08097
08098
08110
08132
08136
08138
08141
08143
08144
08153
08165
08174
08176
08177
08178
08189
08208
08226
08256
08257
08273
08290
08301
08311
08316
08322
08330
08351
08398
08405
08413
08417
08421
08422
08447
08448
08464
08493
08500
08512
08519
08559
08565
08566
08572
08584
08591
08597
08604
08607
08643
08644
08649
08667
08671
08675
08694
08710
08714
08728
08743
08747
08751
08760
08767
08780
08788
08794
08805
08815
08816
08855
08858
08867
08871
08895
08896
08901
08910
08911
08915
08920
08932
08933
08939
08940
08943
08955
08956
08960
08963
08964
08969
08972
08973
08975
08979
08981
08987
08989
08993
09005
09009
09010
09013
09016
09021
09025
09026
09027
09029
09033
09034
09040
09041
09048
09050
09053
09062
09075
09093
09097
09101
09113
09127
09131
09134
09139
09144
09151
09161
09178
09183
09185
09206
09218
09220
09238
09240
09241
09256
09261
09262
09270
09274
09278
09285
09294
09307
09313
09321
09326
09334
09344
09353
09354
09367
09373
09380
09382
09388
09394
09395
09404
09410
09432
09440
09463
09475
09476
09481
09486
09489
09499
09501
09503
09511
09516
09518
09519
09521
09536
09539
09548
09550
09552
09554
09555
09558
09562
09565
09572
09577
09578
09585
09587
09589
09601
09606
09619
09620
09633
09636
09639
09647
09653
09657
09663
09665
09679
09698
09706
09711
09724
09729
09730
09733
09734
09741
09742
09746
09750
09758
09783
09791
09792
09793
09794
09801
09813
09816
09826
09832
09846
09862
09867
09870
09875
09894
09902
09934
09938
09977
09984
09985
09986
09998
10142
10146
10165
10170
10183
10188
10189
10190
10196
10229
10233
10243
10257
10266
10267
10268
10271
10280
10292
10299
10309
10312
10315
10318
10322
10326
10329
10333
10341
10345
10350
10354
10372
10381
10383
10386
10392
10398
10411
10413
10418
10421
10422
10424
10427
10428
10437
10438
10449
10451
10456
10462
10464
10476
10478
10505
10507
10509
10514
10520
10530
10549
10555
10589
10591
10597
10603
10607
10622
10632
10633
10653
10668
10670
10681
10693
10697
10705
10715
10718
10723
10741
10749
10754
10764
10791
10795
10796
10806
10817
10821
10828
10837
10838
10839
10841
10842
10845
10847
10851
10856
10857
10871
10878
10884
10900
10906
10941
10945
10952
10953
10971
10982
10987
10994
10997
11011
11047
11051
11054
11062
11070
11075
11076
11081
11086
11089
11092
11099
11111
11121
11134
11155
11158
11160
11170
11190
11192
11204
11207
11231
11259
11260
11296
11303
11308
11309
11310
11330
11334
11344
11345
11351
11370
11376
11381
11383
11400
11408
11417
11419
11420
11423
11429
11437
11443
11459
11471
11481
11507
11512
11524
11528
11544
11551
11552
11558
11559
11570
11577
11579
11580
11602
11611
11613
11620
11626
11631
11636
11661
11675
11692
11695
11712
11721
11726
11736
11743
11757
11764
11775
11784
11793
11798
11826
11839
11840
11846
11847
11850
11852
11863
11876
11878
11885
11888
11889
11893
11906
14647
14648
24649
